mlt 9 2 8 4 3 6 8 1 5 7 3 2 6 -1
mlt 1 2 3 4 5 -1
mlt 2 -1
mlt 4 2 -1
mlt 9 4 2 -1
mlt 0 6 2 2 -1
mlt 5 8 1 8 6 -1
mlt 0 2 9 0 8 2 -1
mlt 3 0 9 9 5 5 9 7 -1
mlt 4 3 1 0 6 2 6 1 9 -1
mlt 0 8 1 1 4 2 2 7 4 7 -1
mlt 1 8 3 6 9 2 0 5 2 5 2 -1
mlt 7 8 6 4 2 3 4 3 7 8 3 8 -1
mlt 6 4 3 0 7 9 9 2 3 1 4 3 5 -1
mlt 8 0 3 9 2 3 2 1 2 3 4 8 8 2 -1
mlt 6 6 3 0 6 9 2 7 2 8 4 6 3 2 2 -1
mlt 4 3 6 8 1 5 7 3 2 6 9 4 5 2 5 8 -1
mlt 6 6 9 1 3 2 1 7 8 3 0 6 9 2 7 7 2 -1
mlt 8 0 3 9 2 4 9 1 8 2 4 7 0 4 5 0 4 0 2 -1
mlt 7 5 1 0 4 4 5 9 0 7 8 4 2 3 6 3 4 4 0 9 -1
mlt 9 7 4 6 9 6 4 3 5 7 6 9 4 3 1 2 3 8 2 5 3 -1
mlt 8 1 0 0 7 5 6 3 1 7 2 3 2 8 3 7 4 6 8 2 1 0 -1
mlt 7 1 7 3 9 5 0 0 3 2 4 3 7 1 0 3 2 8 4 9 5 4 8 -1
mlt 8 5 3 8 0 1 6 7 0 9 2 3 4 8 1 3 8 2 7 8 3 3 0 4 -1
mlt 7 1 7 3 9 5 0 0 3 2 4 3 7 1 0 3 2 8 4 9 5 4 8 8 5 3 8 0 1 6 7 0 9 2 3 4 8 1 3 8 2 7 8 3 3 0 4 -1
quit
